entityId	LOC	MVG	COM	FanIn	FanOut	MPC
F145	12	3	1	6	0	0
F146	29	7	4	1	1	1
F147	22	4	7	0	1	1
F148	42	8	16	0	0	0
F149	6	1	1	1	1	1
F150	13	3	1	2	0	0
F151	12	5	12	1	0	0
F152	31	7	44	2	2	2
F153	221	70	10	0	44	45
F154	17	3	18	1	0	0
F155	77	37	1	1	1	2
F156	20	7	5	0	0	0
F157	14	5	1	4	0	0
F158	19	6	1	1	4	4
F159	5	1	1	1	1	1
F160	132	63	8	0	57	61
F161	33	8	22	1	1	1
F162	36	9	23	1	1	1
F163	38	11	23	1	1	1
F164	31	8	22	1	1	1
F165	25	6	22	1	1	1
F166	27	6	22	1	1	1
F167	26	6	22	1	1	1
F168	41	11	25	1	1	1
F169	33	8	23	1	1	1
F170	4	1	16	1	0	0
F171	44	11	22	1	1	1
F172	91	1	7	1	0	0
F173	22	6	20	1	1	1
F174	17	4	18	1	1	1
F175	15	4	19	1	1	1
F176	52	9	20	1	0	0
F177	21	4	18	1	1	1
F178	10	2	18	1	0	0
F179	37	7	22	1	2	2
F180	30	7	23	1	2	2
F181	31	7	22	1	2	3
F182	36	4	6	1	1	1
F183	55	14	25	1	1	2
F184	42	11	23	1	1	1
F185	30	8	21	1	1	1
F186	41	12	22	1	1	1
F187	16	4	22	1	0	0
F188	4	1	15	1	0	0
F189	46	8	23	1	1	1
F190	53	13	24	1	1	2
F191	45	11	24	1	1	1
F192	16	4	1	1	1	1
F193	33	9	21	1	2	3
F194	11	4	15	1	1	1
F195	12	3	1	6	0	0
F196	43	10	1	1	0	0
F197	30	7	22	1	1	1
F198	21	5	2	1	0	0
F199	102	24	15	2	1	3
F200	75	24	19	4	1	3
F201	88	20	52	0	2	2
F202	50	13	3	1	1	1
F203	10	3	1	1	0	0
F204	19	6	2	1	0	0
F205	22	8	1	1	6	6
F206	26	1	1	1	0	0
F207	37	11	1	1	6	6
F208	9	1	1	1	0	0
F209	14	5	1	3	0	0
F210	21	8	1	1	5	5
F211	5	1	1	1	1	1
F212	19	7	1	6	1	1
F213	15	3	11	2	0	0
F214	18	6	16	2	0	0
F215	14	4	16	2	0	0
F216	31	8	14	3	0	0
F217	25	9	13	2	0	0
F218	5	1	12	1	0	0
F219	13	3	1	2	0	0
F220	14	5	1	1	0	0
F221	36	3	37	3	2	2
F222	7	2	1	1	0	0
F223	21	6	17	1	0	0
F224	20	3	27	1	2	2
F225	40	13	12	0	3	3
F226	44	14	14	3	1	1
F227	29	3	2	1	1	1
F228	18	3	2	3	1	1
F229	29	3	2	1	1	1
F230	18	3	1	3	1	1
F231	15	5	27	10	0	0
F232	21	8	20	6	1	1
F233	36	10	42	1	0	0
F234	39	11	41	1	1	1
F235	15	5	19	4	0	0
F236	30	13	47	3	2	3
F237	37	13	47	3	2	3
F238	13	6	15	1	0	0
F239	10	5	12	1	0	0
F240	42	7	8	1	2	2
F241	26	12	2	2	0	0
F242	21	4	3	2	2	2
F243	63	9	35	1	0	0
F244	192	53	97	2	4	5
F245	80	19	16	0	0	0
F246	21	3	1	0	3	3
F247	12	2	1	1	1	1
F248	18	4	2	1	1	1
F249	21	5	2	1	0	0
F250	18	3	1	2	0	0
F251	23	5	2	1	1	1
F252	13	1	8	2	2	2
F253	51	13	16	3	5	5
F254	32	6	4	4	2	2
F255	49	7	4	3	4	4
F256	17	4	1	1	3	3
F257	5	1	1	1	1	1
F258	80	13	10	2	0	0
F259	10	1	1	1	1	1
F260	18	4	1	1	1	1
F261	14	5	1	7	0	0
F262	16	4	2	27	0	0
F263	14	8	2	0	2	2
F264	20	4	2	2	1	1
F265	48	11	3	1	1	1
F266	11	2	14	2	1	1
F267	22	4	13	2	2	2
F268	20	5	1	1	0	0
F269	59	13	1	0	0	0
F270	25	12	1	1	7	7
F271	5	1	1	1	1	1
F272	14	5	1	1	0	0
F273	21	6	1	1	0	0
F274	27	6	1	1	0	0
F275	18	4	1	1	0	0
F276	14	5	1	1	0	0
F277	26	13	1	1	7	7
F278	20	4	1	1	1	1
F279	228	52	120	1	8	8
F280	21	4	1	1	1	1
F281	85	15	29	1	0	0
F282	14	1	2	0	0	0
F283	21	6	1	1	4	4
F284	8	1	1	1	1	1
F285	13	6	1	1	0	0
F286	13	5	1	0	0	0
F287	193	47	73	0	3	5
F288	26	8	18	2	1	1
F289	13	5	11	2	0	0
F290	27	7	10	1	2	2
F291	26	7	3	1	0	0
F292	39	9	24	1	1	1
F293	15	4	22	2	0	0
F294	25	4	17	2	0	0
F295	42	10	24	1	1	1
F296	18	7	14	2	2	3
F297	14	2	1	1	0	0
F298	68	12	2	1	0	0
F299	52	12	6	2	1	1
F300	34	4	1	1	0	0
F301	12	1	1	1	0	0
F302	11	1	1	1	0	0
F303	85	14	1	1	0	0
F304	18	2	1	1	0	0
F305	20	5	4	1	2	3
F306	46	10	22	1	1	1
F307	24	8	10	4	0	0
F308	5	1	20	0	1	1
F309	14	3	1	1	0	0
F310	147	21	49	1	10	11
F311	133	21	44	1	8	9
F312	38	11	6	1	0	0
F313	32	10	6	1	0	0
F314	21	5	3	0	0	0
F315	20	5	13	1	0	0
F316	46	8	25	2	1	1
F317	17	6	24	0	0	0
F318	82	18	92	4	2	2
F319	47	9	61	5	3	3
F320	13	1	6	2	0	0
F321	14	3	1	0	0	0
F322	14	3	1	0	0	0
F323	14	3	14	1	0	0
F324	26	6	14	1	0	0
F325	17	1	3	0	0	0
F326	12	1	1	0	0	0
F327	10	1	1	0	0	0
F328	10	1	2	0	0	0
F329	10	1	2	0	0	0
F330	9	1	2	0	0	0
F331	10	1	1	0	0	0
F332	12	1	22	0	0	0
F333	7	1	1	0	0	0
F334	7	1	2	2	0	0
F335	12	1	2	0	0	0
F336	10	1	3	0	0	0
F337	11	1	1	0	0	0
F338	10	1	2	0	0	0
F339	11	1	1	0	0	0
F340	10	1	3	0	0	0
F341	7	1	2	0	0	0
F342	11	1	3	0	0	0
F343	9	1	2	0	0	0
F344	7	1	1	0	0	0
F345	7	1	2	0	0	0
F346	10	1	13	0	0	0
F347	9	1	11	0	0	0
F348	14	1	15	0	0	0
F349	11	1	1	0	0	0
F350	7	1	1	0	0	0
F351	10	1	2	0	0	0
F352	9	1	2	0	0	0
F353	10	1	2	0	0	0
F354	9	1	1	0	0	0
F355	10	1	3	0	0	0
F356	11	1	16	0	0	0
F357	10	1	15	0	0	0
F358	10	1	1	0	0	0
F359	10	1	2	0	0	0
F360	10	1	1	0	0	0
F361	17	1	8	0	0	0
F362	11	1	2	0	0	0
F363	10	1	2	0	0	0
F364	10	1	3	0	0	0
F365	10	1	2	0	0	0
F366	9	1	1	0	0	0
F367	10	1	3	0	0	0
F368	17	1	9	0	0	0
F369	9	1	1	0	0	0
F370	18	4	2	0	0	0
F371	10	1	2	0	0	0
F372	17	1	1	0	0	0
F373	11	2	2	0	0	0
F374	10	1	2	0	0	0
F375	10	1	1	0	0	0
F376	21	2	3	0	0	0
F377	10	1	10	0	0	0
F378	10	1	10	0	0	0
F379	8	1	1	0	0	0
F380	9	1	2	0	0	0
F381	10	1	1	0	0	0
F382	10	1	18	0	0	0
F383	9	1	13	0	0	0
F384	10	1	1	0	0	0
F385	9	1	11	0	0	0
F386	7	1	1	0	0	0
F387	17	4	16	0	0	0
F388	9	1	13	0	0	0
F389	9	1	13	0	0	0
F390	12	1	16	0	0	0
F391	11	1	1	0	0	0
F392	10	1	15	0	0	0
F393	10	1	10	0	0	0
F394	10	1	9	0	0	0
F395	19	5	1	1	1	2
F396	17	10	1	1	0	0
F397	14	3	14	1	0	0
F398	39	5	24	1	0	0
F399	29	6	2	2	0	0
