entityId	LOC	MVG	COM	FanIn	FanOut	MPC
419	4	1	1	0	0	0
420	6	1	1	1	0	0
426	16	1	1	12	0	0
430	12	3	1	1	4	4
431	3	1	1	0	2	2
434	5	1	1	2	1	1
439	3	1	1	1	0	0
440	3	1	1	2	0	0
441	3	1	1	1	0	0
442	3	1	1	1	0	0
443	3	1	1	1	0	0
446	3	1	1	1	2	2
449	1	1	1	1	0	0
450	20	1	1	0	0	0
451	9	1	1	0	0	0
452	47	10	1	0	0	0
453	16	7	1	12	0	0
457	4	1	1	0	0	0
460	8	3	1	0	0	0
461	36	7	1	0	0	0
462	6	1	1	0	0	0
463	73	16	4	0	0	0
464	13	2	1	0	0	0
465	15	1	1	0	0	0
466	19	4	1	0	0	0
467	12	1	1	11	0	0
468	4	1	1	0	0	0
469	7	1	1	7	0	0
470	42	7	1	0	0	0
471	17	4	1	0	0	0
472	5	1	1	0	0	0
473	3	1	1	0	1	1
474	9	1	1	0	2	2
475	1	1	1	0	0	0
476	4	1	1	0	0	0
477	4	1	1	0	0	0
478	3	1	1	0	0	0
479	3	1	1	0	0	0
480	3	1	1	0	0	0
481	13	1	1	0	3	3
482	3	1	1	0	0	0
483	36	11	1	0	2	2
484	1	1	1	0	0	0
485	14	1	1	0	2	7
486	18	4	1	0	5	5
487	22	5	1	0	5	5
488	3	1	1	0	0	0
489	7	1	1	0	1	1
490	8	1	1	1	2	2
494	16	4	1	6	1	1
495	14	3	1	2	0	0
498	4	1	1	0	0	0
499	10	3	1	4	0	0
500	7	1	1	0	0	0
501	24	4	1	4	0	0
502	18	3	1	1	0	0
504	14	4	1	3	0	0
505	3	1	1	0	0	0
506	6	1	1	0	0	0
507	26	11	2	0	0	0
508	4	1	1	0	0	0
509	6	3	1	0	0	0
511	27	11	2	0	0	0
512	6	1	1	0	0	0
513	27	11	2	0	0	0
515	23	4	1	0	0	0
516	6	1	1	0	0	0
517	6	1	1	0	0	0
518	4	1	1	0	0	0
519	6	1	1	1	0	0
520	28	11	2	0	0	0
521	3	1	1	0	0	0
529	2	1	1	0	0	0
530	1	1	1	0	0	0
531	1	1	1	0	0	0
532	6	3	1	0	0	0
533	3	1	1	0	0	0
534	9	4	1	0	1	1
535	3	1	1	0	0	0
536	3	1	1	0	0	0
537	12	5	1	0	1	1
538	3	1	1	0	0	0
539	13	5	2	0	2	2
540	18	2	1	0	1	1
541	15	5	1	0	1	1
542	24	7	1	0	1	1
544	6	3	1	0	0	0
545	4	1	1	28	0	0
546	13	3	1	0	0	0
547	6	1	1	0	0	0
548	1	1	1	0	0	0
549	1	1	1	0	0	0
550	1	1	1	0	0	0
551	3	1	1	0	0	0
552	3	1	1	0	0	0
553	3	1	3	1	0	0
554	3	1	1	0	0	0
555	15	5	1	0	0	0
556	3	1	1	0	0	0
557	13	4	1	0	1	1
558	1	1	1	0	0	0
559	7	1	1	0	0	0
560	14	3	1	0	3	3
561	24	5	1	0	3	3
562	3	1	1	0	0	0
563	4	1	31	0	0	0
564	22	1	1	0	0	0
565	1	1	1	0	0	0
566	22	7	2	0	0	0
567	16	4	2	0	0	0
568	9	1	2	0	0	0
569	17	5	1	0	0	0
570	46	10	6	0	0	0
571	3	1	1	0	0	0
572	3	1	3	0	0	0
573	3	1	1	0	0	0
574	3	1	1	0	0	0
575	3	1	1	0	0	0
576	3	1	1	0	0	0
577	13	1	1	0	0	0
578	3	1	1	0	0	0
579	16	6	4	0	0	0
580	17	6	1	0	0	0
581	3	1	1	0	0	0
582	7	1	1	0	0	0
583	1	1	1	0	0	0
584	19	1	1	0	0	0
585	31	9	1	0	0	0
586	35	10	1	0	0	0
587	9	1	2	0	0	0
588	3	1	31	0	0	0
589	11	1	3	0	0	0
590	1	1	1	0	0	0
591	4	1	1	0	0	0
592	14	6	1	0	0	0
593	3	1	1	0	0	0
594	3	1	1	0	0	0
595	3	1	1	6	0	0
596	3	1	1	0	0	0
597	3	1	3	1	0	0
598	13	4	3	0	0	0
599	3	1	1	0	0	0
600	8	1	1	0	0	0
601	1	1	1	0	0	0
602	15	1	1	0	0	0
603	6	1	1	0	0	0
604	47	11	8	0	0	0
605	3	1	1	0	0	0
606	7	1	31	0	0	0
607	6	1	6	0	0	0
608	4	1	1	0	0	0
609	4	1	1	0	0	0
610	5	1	1	0	0	0
611	6	1	1	0	0	0
612	8	1	1	10	0	0
613	29	7	1	0	0	0
614	3	1	1	0	0	0
615	4	1	1	0	0	0
616	7	1	1	0	0	0
617	3	1	1	0	0	0
630	6	1	3	2	0	0
632	1	1	1	0	0	0
633	1	1	1	2	0	0
634	1	1	1	0	0	0
635	1	1	1	0	0	0
636	3	1	1	0	1	1
637	3	1	1	0	0	0
639	5	1	3	0	0	0
641	12	4	10	0	1	1
645	15	1	11	0	6	6
646	1	1	1	1	0	0
647	15	4	12	0	3	3
648	7	1	10	0	1	1
650	4	1	11	0	1	1
651	3	1	1	0	0	0
653	1	1	1	0	0	0
654	1	1	1	0	0	0
655	1	1	1	0	0	0
656	1	1	1	0	0	0
657	3	1	1	0	0	0
658	5	1	1	0	0	0
659	27	8	1	0	0	0
660	1	1	1	0	0	0
661	3	1	1	0	1	1
662	4	1	1	0	0	0
663	30	11	1	0	0	0
664	3	1	1	1	0	0
665	3	1	1	1	0	0
666	5	1	1	1	0	0
667	1	1	1	1	1	1
668	25	7	3	0	0	0
669	9	1	1	0	0	0
670	12	1	1	0	0	0
671	3	1	1	0	0	0
672	30	15	6	0	0	0
673	3	1	1	0	0	0
674	3	1	1	0	0	0
675	5	2	1	0	1	1
676	5	3	1	0	0	0
677	3	1	1	0	0	0
678	4	1	1	0	0	0
679	1	1	1	0	0	0
680	5	2	1	0	0	0
681	1	1	1	2	0	0
682	1	1	1	2	0	0
683	3	1	1	0	0	0
684	20	7	1	0	0	0
685	4	1	1	0	1	1
686	17	4	6	0	0	0
687	1	1	1	1	0	0
688	6	1	1	0	0	0
689	1	1	1	2	0	0
690	1	1	1	1	0	0
691	2	1	1	0	0	0
692	46	15	1	0	0	0
693	3	1	1	0	0	0
694	15	5	1	3	0	0
695	6	1	4	1	0	0
696	7	1	1	0	0	0
697	6	1	1	0	0	0
698	4	1	34	6	0	0
699	5	1	1	0	0	0
700	11	3	1	0	0	0
701	4	1	1	0	0	0
702	4	1	1	1	0	0
703	5	1	1	0	0	0
704	4	1	1	0	0	0
705	3	1	1	0	0	0
706	8	1	1	0	0	0
707	4	1	1	0	0	0
708	1	1	1	0	0	0
709	30	5	6	0	0	0
710	46	24	22	0	0	0
711	4	1	1	0	0	0
712	6	1	1	0	0	0
713	48	21	4	0	0	0
714	6	1	1	0	0	0
715	5	1	1	0	0	0
716	5	1	1	0	0	0
717	10	1	1	0	0	0
718	5	1	1	0	0	0
719	20	3	1	0	0	0
720	18	5	2	0	0	0
721	4	1	3	0	0	0
722	5	1	1	0	0	0
723	6	1	1	0	0	0
724	5	1	1	0	0	0
725	5	1	1	0	0	0
726	10	1	1	0	0	0
727	21	5	1	0	0	0
728	5	1	1	0	0	0
729	1	1	1	1	0	0
730	1	1	1	1	0	0
731	2	1	1	1	0	0
733	2	1	1	1	0	0
734	1	1	1	0	0	0
735	2	1	1	0	0	0
736	4	1	1	0	1	1
737	3	1	1	0	0	0
738	3	1	1	0	0	0
739	4	1	1	0	1	1
740	4	1	1	0	0	0
741	1	1	1	0	0	0
742	4	1	1	0	0	0
743	3	1	1	0	0	0
744	3	1	1	0	0	0
745	4	1	1	0	1	1
746	4	1	1	0	0	0
747	1	1	1	0	0	0
748	24	4	1	0	0	0
749	4	1	1	0	2	2
750	1	1	1	0	0	0
751	4	1	1	0	2	2
752	1	1	1	0	0	0
753	4	1	1	0	0	0
754	14	2	1	0	0	0
755	1	1	1	0	0	0
756	1	1	1	0	0	0
757	1	1	1	0	0	0
758	6	1	1	0	3	3
759	1	1	1	0	0	0
760	4	1	1	0	2	2
761	4	1	1	0	2	2
762	1	1	1	1	0	0
763	1	1	1	0	0	0
764	1	1	1	0	0	0
765	15	1	1	0	6	12
766	1	1	1	1	0	0
767	13	3	1	0	0	0
768	1	1	1	0	0	0
769	4	1	1	0	1	1
770	3	1	1	0	0	0
771	3	1	1	0	0	0
772	3	1	1	0	1	1
773	4	1	1	0	0	0
775	14	4	1	7	5	5
779	4	1	3	1	0	0
786	19	4	2	7	2	2
787	14	3	1	7	3	3
788	9	3	1	2	2	2
789	21	3	2	7	3	3
790	17	3	2	5	2	2
791	9	1	1	7	4	4
792	10	1	1	3	4	4
793	4	1	1	5	1	1
794	7	1	1	1	2	2
795	5	1	1	2	1	1
796	8	1	1	2	2	3
797	7	1	1	1	2	3
798	26	10	1	6	4	4
799	24	7	1	6	5	5
800	4	1	1	4	0	0
802	4	1	1	2	0	0
804	4	1	1	1	0	0
806	5	1	1	2	0	0
807	5	1	1	2	0	0
808	6	1	1	1	0	0
809	3	1	6	0	0	0
810	3	1	8	0	0	0
812	3	1	3	1	0	0
813	3	1	3	2	0	0
814	1	1	1	0	0	0
815	4	1	1	2	0	0
816	5	1	1	1	0	0
817	15	6	1	6	0	0
818	7	1	4	0	0	0
819	4	1	1	1	0	0
820	5	1	1	11	1	1
821	5	1	1	6	1	1
822	4	1	1	0	1	1
823	3	1	1	0	0	0
824	4	1	34	0	0	0
825	4	1	1	0	0	0
826	3	1	1	0	0	0
827	4	1	1	0	0	0
828	4	1	1	0	0	0
829	3	1	1	0	0	0
830	4	1	3	0	0	0
831	4	1	1	0	0	0
832	3	1	1	0	0	0
833	4	1	3	0	0	0
834	4	1	1	0	0	0
835	3	1	1	0	0	0
836	9	2	1	0	0	0
837	1	1	3	0	0	0
838	1	1	1	2	0	0
839	13	4	1	0	3	3
840	7	1	1	0	1	1
843	5	1	1	0	2	2
844	12	2	1	0	2	2
845	17	4	1	2	3	3
846	18	4	5	2	1	1
847	14	4	1	3	1	1
848	14	4	1	0	2	2
849	12	3	3	2	3	3
850	14	4	1	1	2	2
851	3	1	1	4	1	1
852	12	3	1	7	3	3
853	3	1	1	1	1	1
854	1	1	1	7	2	2
855	1	1	1	1	3	3
856	3	1	1	0	0	0
857	10	3	1	1	1	1
858	4	1	1	1	0	0
859	3	1	1	0	0	0
860	22	2	1	0	3	5
861	5	1	1	1	2	2
862	5	1	1	7	2	2
863	4	1	1	1	1	1
865	6	3	1	0	0	0
866	4	1	1	0	0	0
867	13	3	1	0	0	0
890	5	1	1	0	1	1
891	14	4	1	0	5	5
893	4	1	1	0	0	0
894	3	1	1	0	0	0
895	3	1	1	0	0	0
897	10	2	1	2	1	1
898	11	2	1	1	1	1
899	6	1	1	1	1	1
900	6	1	1	5	1	1
901	6	1	1	4	1	1
902	6	1	1	1	1	1
903	6	1	1	5	1	1
904	9	2	1	2	1	1
905	14	4	1	0	5	5
908	15	4	1	2	0	0
909	4	1	1	1	1	1
910	11	2	1	1	0	0
911	8	1	1	1	2	2
912	5	1	1	1	1	1
913	6	1	1	1	1	1
914	12	4	1	0	0	0
916	10	1	1	0	1	1
917	15	3	1	3	0	0
918	15	1	1	0	0	0
919	15	4	1	0	0	0
920	18	5	1	0	0	0
921	13	8	1	0	2	2
922	4	1	1	0	1	1
923	1	1	1	3	0	0
924	1	1	1	1	0	0
925	1	1	1	0	0	0
926	19	7	1	0	3	3
927	17	6	1	0	3	3
928	21	6	1	0	3	4
930	5	1	1	0	1	1
931	5	1	1	0	1	1
932	14	4	1	0	5	5
939	5	1	1	3	1	1
940	5	1	1	2	0	0
941	4	1	1	0	0	0
942	5	1	1	2	1	1
943	7	1	1	1	1	1
944	6	1	1	2	1	1
945	5	1	1	0	2	2
946	10	4	1	1	1	1
947	15	5	1	0	2	2
948	512	166	8	0	23	117
949	16	3	1	1	4	4
950	22	6	3	0	1	3
951	27	6	3	7	5	6
952	20	4	1	6	9	9
953	28	12	1	1	3	3
954	6	1	1	1	0	0
955	9	3	3	0	4	6
956	3	1	1	0	0	0
957	10	5	1	2	0	0
958	3	1	3	4	0	0
959	63	1	1	2	0	0
960	21	1	3	0	8	17
961	38	10	2	1	10	14
962	36	6	1	1	3	4
963	28	7	1	1	5	6
964	19	3	1	1	3	4
965	46	9	2	1	1	2
966	16	5	1	0	2	2
967	20	7	1	2	4	6
968	13	5	3	2	1	1
969	1	1	1	4	0	0
970	8	1	1	2	0	0
971	9	2	1	0	2	2
972	9	1	1	1	1	1
973	3	1	1	0	1	1
974	7	1	10	0	1	2
F1000	7	2	1	0	0	0
F1001	7	2	1	1	0	0
F1002	43	18	15	1	0	0
F1003	34	16	9	1	0	0
F1004	17	7	9	1	0	0
F1005	32	6	1	1	3	6
F1006	35	10	6	0	3	5
F1007	609	158	59	3	36	250
F1012	9	1	1	0	3	4
F1013	4	1	2	0	0	0
F1016	7	1	1	1	0	0
F1017	20	2	3	1	5	10
F1018	6	1	1	2	0	0
F1019	11	3	1	1	0	0
F1020	6	2	1	0	0	0
F1021	4	1	1	0	0	0
F1022	4	1	1	0	0	0
F1023	4	1	1	4	0	0
F1024	5	1	1	0	0	0
F1027	10	1	1	1	4	10
F1028	55	16	1	0	8	12
F1029	14	1	5	1	0	0
F1030	5	1	1	0	0	0
F1031	11	2	1	1	0	0
F1032	22	3	1	2	0	0
F1034	5	1	1	3	0	0
F1035	26	4	16	1	3	5
F1036	5	1	1	1	2	2
F1037	9	1	2	1	4	4
F1038	29	3	25	1	2	2
F1039	5	1	1	3	0	0
F1040	5	1	1	0	0	0
F1041	10	3	1	3	0	0
F1043	1	1	40	0	1	2
F1048	16	1	1	0	0	0
F1049	5	1	1	0	0	0
F1050	5	1	5	0	0	0
F1051	1	1	1	1	19	38
F1053	1	1	1	0	2	2
F1054	13	1	1	0	2	3
F1055	1	1	1	0	21	43
F1061	4	1	1	1	1	1
F1062	16	6	1	0	3	3
F1063	5	1	1	0	0	0
F1064	4	1	1	1	0	0
F1065	5	1	1	0	0	0
F1066	1	1	1	1	12	16
F1067	5	1	5	0	0	0
F1068	131	4	65	0	28	91
F1069	125	10	22	0	19	39
F1070	15	5	1	1	4	6
F1071	8	1	1	1	2	2
F1072	30	8	3	2	5	11
F1073	5	1	1	0	0	0
F1074	5	1	1	0	0	0
F1075	4	1	1	0	0	0
F1076	10	1	1	1	3	5
F1077	12	2	1	0	0	0
F1078	9	1	1	3	1	1
F1079	5	1	1	0	0	0
F1081	9	2	1	3	0	0
F1082	4	1	1	0	1	1
F1083	5	1	1	0	0	0
F1084	8	2	1	1	0	0
F1085	6	2	1	1	0	0
F1086	1	1	1	1	1	1
F1087	4	1	1	3	0	0
F1088	5	1	1	0	0	0
F1089	4	1	1	8	0	0
F1090	5	1	1	0	1	1
F1091	1	1	34	1	2	9
F1093	10	2	1	1	0	0
F1094	7	2	1	2	0	0
F1095	6	2	1	2	0	0
F1096	9	3	1	4	0	0
F1097	9	2	1	0	0	0
F1098	6	2	1	0	0	0
F1099	8	2	1	0	0	0
F1100	8	2	1	0	0	0
F1101	24	5	1	3	4	30
F1104	23	9	5	1	0	0
F1105	11	5	6	0	0	0
F1106	79	12	8	3	7	44
F1109	43	4	2	3	7	26
F1112	31	7	2	3	4	16
F1114	47	12	5	0	7	16
F1116	21	4	2	4	7	14
F1118	11	5	5	1	0	0
F1119	172	65	30	3	10	99
F1122	31	15	13	1	0	0
F1123	23	7	1	3	3	9
F1126	51	44	37	1	3	12
F1127	59	39	18	1	5	8
F1128	54	26	9	1	1	1
F1129	7	1	1	0	0	0
F1130	8	2	1	1	0	0
F1131	6	2	1	9	0	0
F1132	6	2	1	0	0	0
F1133	7	2	1	1	0	0
F1134	7	2	1	1	0	0
F1135	7	1	1	0	0	0
F1136	8	2	1	1	0	0
F1137	5	1	1	0	0	0
F1138	13	1	4	1	1	3
F1139	8	1	5	1	0	0
F1140	49	23	21	1	2	5
F1141	7	2	1	3	0	0
F1142	7	2	1	1	0	0
F1143	16	4	1	3	0	0
F1144	6	1	1	2	0	0
F1145	1	1	1	2	0	0
F1146	1	1	1	2	0	0
F1147	10	2	1	7	1	1
F1148	6	2	1	0	0	0
F1149	7	2	1	1	0	0
F1150	11	2	1	5	0	0
F1151	5	1	1	0	0	0
F1152	5	1	1	0	0	0
F1153	9	2	1	1	0	0
F1154	8	2	1	0	0	0
F1155	9	2	1	1	0	0
F1156	9	2	1	0	0	0
F1157	4	1	1	0	0	0
F1158	6	1	1	0	0	0
F975	4	1	1	0	0	0
F976	448	80	100	1	50	296
F977	5	1	1	0	2	2
F978	5	1	1	0	2	2
F979	11	1	1	0	3	4
F980	21	2	1	0	5	6
F981	14	2	1	0	5	6
F982	7	1	1	0	2	2
F983	5	1	1	0	2	2
F984	8	1	1	0	2	2
F985	8	1	1	0	2	2
F986	6	1	1	0	2	2
F987	9	1	1	0	2	2
F988	15	1	6	1	2	2
F989	33	2	23	1	3	3
F990	59	14	16	1	1	2
F991	66	16	19	1	1	3
F992	29	4	61	1	0	0
F993	21	7	22	1	0	0
F994	34	8	14	0	2	3
F995	6	1	1	0	0	0
F996	16	3	1	2	0	0
F997	4	1	1	0	0	0
F998	4	1	1	0	0	0
F999	4	1	1	0	0	0
